0 impute
1653.324
   model_one model_two model_three
       <dbl>     <dbl>       <dbl>
 1     2042.    15283.      15283.
 2     1440.    15777.      15777.
 3     1435.    15862.      15862.
 4     1597.    15390.      15390.
 5     2328.    18588.      18588.
 6     1674.    15671.      15671.
 7     1719.    15724.      15724.
 8     1421.    16157.      16157.
 9     1431.    15954.      15954.
10     1447.    15687.      15687.

0 impute, add IsHoliday
1861.083
 1     2123.    15283.      15283.
 2     1443.    15777.      15777.
 3     1472.    15862.      15862.
 4     1810.    15390.      15390.
 5     3491.    18588.      18588.
 6     2063.    15671.      15671.
 7     1656.    15724.      15724.
 8     1416.    16157.      16157.
 9     1460.    15954.      15954.
10     1676.    15687.      15687.


Forecast impute,
1819.212

 1     2188.    15283.      15283.
 2     1597.    15777.      15777.
 3     1598.    15862.      15862.
 4     1727.    15390.      15390.
 5     2584.    18588.      18588.
 6     1861.    15671.      15671.
 7     1891.    15724.      15724.
 8     1584.    16157.      16157.
 9     1585.    15954.      15954.
10     1578.    15687.      15687.


Simple impute, Dynamic Forecast

1601.13
       <dbl>     <dbl>       <dbl>
 1     2042.    15283.      15283.
 2     1440.    15777.      15777.
 3     1435.    15862.      15862.
 4     1597.    15390.      15390.
 5     2328.    18588.      18588.
 6     1674.    15671.      15671.
 7     1622.    15724.      15724.
 8     1348.    16157.      16157.
 9     1280.    15954.      15954.
10     1245.    15687.      15687.

stlf(train.ts.data, h=num_forecasts, method='arima')$mean
2812.677    1888.006    1596.564 

# A tibble: 10 x 3
   model_one model_two model_three
       <dbl>     <dbl>       <dbl>
 1     2079.     2262.       2042.
 2     2589.     1787.       1440.
 3     2254.     1779.       1435.
 4     2823.     1716.       1597.
 5     5156.     2400.       2328.
 6     4218.     1697.       1674.
 7     2270.     2087.       1613.
 8     2144.     1750.       1336.
 9     2221.     1720.       1274.
10     2372.     1681.       1226.